DATE	GDPC96	GPDIC96	PCECC96
1947-01-01	1770.691	188.675	1130.9
1947-04-01	1767.976	173.485	1149.7
1947-07-01	1766.523	167.924	1153.4
1947-10-01	1793.310	202.712	1153.8
1948-01-01	1821.809	224.682	1159.6
1948-04-01	1855.345	239.489	1173.0
1948-07-01	1865.320	242.053	1174.8
1948-10-01	1868.184	230.008	1184.1
1949-01-01	1842.240	194.233	1186.0
1949-04-01	1835.512	167.057	1204.1
1949-07-01	1856.103	181.690	1206.9
1949-10-01	1838.679	171.768	1224.5
1950-01-01	1912.998	214.858	1244.9
1950-04-01	1971.217	238.901	1265.4
1950-07-01	2048.351	260.418	1330.3
1950-10-01	2084.390	295.027	1290.2
1951-01-01	2110.731	263.917	1321.4
1951-04-01	2145.746	270.439	1284.1
1951-07-01	2188.503	249.543	1299.1
1951-10-01	2192.210	228.293	1306.7
1952-01-01	2214.268	233.627	1309.6
1952-04-01	2216.709	214.227	1335.3
1952-07-01	2231.561	225.626	1341.8
1952-10-01	2305.276	241.811	1389.2
1953-01-01	2348.408	246.627	1405.7
1953-04-01	2366.180	247.460	1414.2
1953-07-01	2351.793	241.654	1411.0
1953-10-01	2314.567	222.626	1401.6
1954-01-01	2303.523	220.749	1406.7
1954-04-01	2306.413	219.991	1425.0
1954-07-01	2332.418	231.237	1444.4
1954-10-01	2379.125	241.873	1474.7
1955-01-01	2447.657	267.675	1507.8
1955-04-01	2488.149	284.591	1536.6
1955-07-01	2521.394	288.662	1555.6
1955-10-01	2535.472	294.916	1575.2
1956-01-01	2523.902	284.997	1577.8
1956-04-01	2543.752	281.763	1583.0
1956-07-01	2540.555	278.458	1586.6
1956-10-01	2582.070	275.169	1608.4
1957-01-01	2597.939	270.733	1619.5
1957-04-01	2591.671	270.368	1622.4
1957-07-01	2616.638	276.824	1635.3
1957-10-01	2589.110	253.694	1636.1
1958-01-01	2519.019	234.847	1613.9
1958-04-01	2534.480	229.288	1627.1
1958-07-01	2593.867	248.199	1653.8
1958-10-01	2654.348	270.587	1675.6
1959-01-01	2708.036	285.852	1706.7
1959-04-01	2776.430	309.726	1732.9
1959-07-01	2773.119	288.171	1751.0
1959-10-01	2782.827	298.264	1752.9
1960-01-01	2845.268	330.513	1769.7
1960-04-01	2831.971	297.065	1792.1
1960-07-01	2836.599	295.294	1785.0
1960-10-01	2800.224	258.817	1787.4
1961-01-01	2816.858	265.434	1786.9
1961-04-01	2869.554	285.203	1813.4
1961-07-01	2915.929	309.097	1822.2
1961-10-01	2975.288	314.313	1858.7
1962-01-01	3028.654	333.053	1878.5
1962-04-01	3062.094	329.832	1901.6
1962-07-01	3090.408	335.734	1917.0
1962-10-01	3097.917	324.463	1944.2
1963-01-01	3138.407	342.468	1957.3
1963-04-01	3177.733	347.458	1976.0
1963-07-01	3237.567	358.789	2002.9
1963-10-01	3262.180	363.205	2019.6
1964-01-01	3335.397	378.139	2059.5
1964-04-01	3373.705	376.401	2095.8
1964-07-01	3419.548	385.344	2134.3
1964-10-01	3429.028	388.488	2140.2
1965-01-01	3513.250	427.581	2187.8
1965-04-01	3560.919	427.555	2212.0
1965-07-01	3633.182	442.824	2250.0
1965-10-01	3720.836	444.865	2313.2
1966-01-01	3812.167	482.478	2347.4
1966-04-01	3824.857	473.675	2353.5
1966-07-01	3850.012	468.981	2380.4
1966-10-01	3881.205	471.233	2390.3
1967-01-01	3915.396	458.330	2404.2
1967-04-01	3916.211	438.787	2437.0
1967-07-01	3947.455	451.381	2449.5
1967-10-01	3977.573	461.147	2464.6
1968-01-01	4059.545	471.183	2523.4
1968-04-01	4128.472	490.232	2562.1
1968-07-01	4156.717	474.318	2610.3
1968-10-01	4174.727	479.245	2622.3
1969-01-01	4240.478	510.817	2651.7
1969-04-01	4252.828	506.747	2668.6
1969-07-01	4279.723	518.463	2681.5
1969-10-01	4259.622	490.539	2702.9
1970-01-01	4252.940	475.186	2719.5
1970-04-01	4260.650	476.675	2731.9
1970-07-01	4298.588	484.820	2755.9
1970-10-01	4253.004	456.735	2748.4
1971-01-01	4370.283	516.047	2800.9
1971-04-01	4395.075	532.040	2826.6
1971-07-01	4430.159	539.038	2849.1
1971-10-01	4442.470	522.174	2896.5
1972-01-01	4521.907	559.101	2935.2
1972-04-01	4629.147	593.324	2991.2
1972-07-01	4673.511	601.768	3037.4
1972-10-01	4750.488	604.890	3108.6
1973-01-01	4872.005	643.300	3165.5
1973-04-01	4928.362	673.374	3163.9
1973-07-01	4902.065	647.044	3175.3
1973-10-01	4948.823	671.795	3166.0
1974-01-01	4905.427	628.929	3138.3
1974-04-01	4917.987	625.813	3149.2
1974-07-01	4869.361	590.511	3162.2
1974-10-01	4850.197	596.125	3115.8
1975-01-01	4791.203	491.414	3142.0
1975-04-01	4827.818	474.350	3194.4
1975-07-01	4909.135	514.520	3239.9
1975-10-01	4973.263	528.662	3274.2
1976-01-01	5086.318	583.406	3339.6
1976-04-01	5124.570	608.287	3370.3
1976-07-01	5149.673	609.416	3405.9
1976-10-01	5187.069	613.653	3450.3
1977-01-01	5247.280	643.843	3489.7
1977-04-01	5351.560	693.603	3509.0
1977-07-01	5447.268	731.402	3542.5
1977-10-01	5446.141	710.755	3595.9
1978-01-01	5464.738	724.851	3616.9
1978-04-01	5679.718	774.620	3694.2
1978-07-01	5735.401	798.531	3709.7
1978-10-01	5811.259	816.700	3739.6
1979-01-01	5820.977	816.568	3758.5
1979-04-01	5826.441	814.679	3756.3
1979-07-01	5868.323	798.819	3793.2
1979-10-01	5884.469	783.948	3803.3
1980-01-01	5903.424	778.266	3796.7
1980-04-01	5782.434	708.050	3710.5
1980-07-01	5771.687	654.084	3750.3
1980-10-01	5878.439	720.583	3800.3
1981-01-01	6000.591	792.193	3821.1
1981-04-01	5952.711	754.479	3821.1
1981-07-01	6025.037	801.311	3836.6
1981-10-01	5949.980	770.235	3807.6
1982-01-01	5852.334	689.990	3832.2
1982-04-01	5884.048	689.377	3845.9
1982-07-01	5861.363	681.332	3875.4
1982-10-01	5865.990	620.659	3946.1
1983-01-01	5938.947	642.758	3984.8
1983-04-01	6072.433	704.793	4063.9
1983-07-01	6192.178	752.185	4135.7
1983-10-01	6320.176	831.385	4201.3
1984-01-01	6442.760	918.402	4237.3
1984-04-01	6553.996	949.367	4297.9
1984-07-01	6617.690	971.435	4331.1
1984-10-01	6671.565	955.497	4388.1
1985-01-01	6734.522	923.994	4462.5
1985-04-01	6791.542	939.944	4503.2
1985-07-01	6897.631	929.558	4588.7
1985-10-01	6949.982	965.900	4598.8
1986-01-01	7016.763	963.915	4637.2
1986-04-01	7044.952	942.523	4686.6
1986-07-01	7112.874	912.975	4768.5
1986-10-01	7147.254	914.390	4797.2
1987-01-01	7186.881	942.328	4789.9
1987-04-01	7263.307	943.647	4854.0
1987-07-01	7326.301	944.599	4908.2
1987-10-01	7451.658	1018.254	4920.0
1988-01-01	7490.203	960.883	5002.2
1988-04-01	7586.401	984.256	5038.5
1988-07-01	7625.570	990.580	5078.3
1988-10-01	7727.392	1003.699	5138.1
1989-01-01	7799.942	1042.162	5156.9
1989-04-01	7858.304	1029.984	5180.0
1989-07-01	7920.628	1017.880	5233.7
1989-10-01	7937.918	1007.433	5259.3
1990-01-01	8020.842	1017.347	5300.9
1990-04-01	8052.721	1017.636	5318.4
1990-07-01	8052.598	993.683	5338.6
1990-10-01	7982.047	930.842	5297.0
1991-01-01	7943.380	892.943	5282.0
1991-04-01	7996.993	888.453	5322.2
1991-07-01	8030.679	910.573	5342.6
1991-10-01	8062.160	945.432	5340.2
1992-01-01	8150.654	924.413	5432.0
1992-04-01	8237.259	985.307	5464.2
1992-07-01	8322.253	995.492	5524.6
1992-10-01	8409.834	1027.000	5592.0
1993-01-01	8425.289	1051.133	5614.7
1993-04-01	8479.193	1059.387	5668.6
1993-07-01	8523.828	1058.641	5730.1
1993-10-01	8636.393	1114.505	5781.1
1994-01-01	8720.471	1162.591	5845.5
1994-04-01	8839.753	1230.354	5888.8
1994-07-01	8896.691	1208.235	5936.0
1994-10-01	8995.497	1264.563	5994.6
1995-01-01	9017.565	1277.416	6001.6
1995-04-01	9036.950	1243.061	6050.8
1995-07-01	9112.901	1231.097	6104.9
1995-10-01	9176.437	1265.761	6147.8
1996-01-01	9239.297	1282.435	6204.0
1996-04-01	9399.025	1348.860	6274.2
1996-07-01	9480.781	1416.875	6311.8
1996-10-01	9584.272	1413.023	6363.2
1997-01-01	9657.987	1446.014	6427.3
1997-04-01	9801.180	1538.348	6453.3
1997-07-01	9924.196	1565.697	6563.0
1997-10-01	10000.332	1590.702	6638.1
1998-01-01	10094.801	1666.631	6704.1
1998-04-01	10185.576	1646.688	6819.5
1998-07-01	10319.973	1693.873	6909.9
1998-10-01	10498.614	1748.351	7015.9
1999-01-01	10592.145	1803.407	7085.1
1999-04-01	10674.942	1797.110	7196.6
1999-07-01	10810.680	1842.208	7283.1
1999-10-01	11004.834	1907.564	7385.8
2000-01-01	11033.569	1880.899	7497.8
2000-04-01	11248.802	2011.120	7568.3
2000-07-01	11258.255	1979.716	7642.4
2000-10-01	11324.964	1980.700	7710.0
2001-01-01	11287.752	1876.059	7740.8
2001-04-01	11361.734	1869.997	7770.0
2001-07-01	11330.380	1830.347	7804.2
2001-10-01	11370.028	1724.487	7926.4
2002-01-01	11467.137	1781.870	7953.7
2002-04-01	11528.137	1803.390	7994.1
2002-07-01	11586.608	1807.992	8048.3
2002-10-01	11590.578	1808.254	8076.9
2003-01-01	11638.917	1810.447	8117.7
2003-04-01	11737.522	1821.780	8198.1
2003-07-01	11930.678	1888.413	8308.5
2003-10-01	12038.591	1959.869	8353.7
2004-01-01	12117.924	1970.103	8427.6
2004-04-01	12195.893	2055.716	8465.1
2004-07-01	12286.667	2082.113	8539.1
2004-10-01	12387.233	2124.924	8631.3
2005-01-01	12514.999	2169.959	8700.1
2005-04-01	12570.710	2131.293	8786.2
2005-07-01	12670.529	2155.050	8852.9
2005-10-01	12735.585	2232.825	8874.9
2006-01-01	12896.381	2266.337	8965.8
2006-04-01	12948.713	2263.139	9019.8
2006-07-01	12950.436	2231.240	9073.9
2006-10-01	13038.441	2166.660	9158.3
2007-01-01	13056.121	2145.138	9209.2
2007-04-01	13173.553	2192.991	9244.5
2007-07-01	13269.826	2176.273	9285.2
2007-10-01	13325.962	2123.593	9312.6
2008-01-01	13266.834	2055.697	9289.1
2008-04-01	13310.467	2024.043	9285.8
2008-07-01	13186.925	1934.654	9196.0
2008-10-01	12883.531	1744.639	9076.0
2009-01-01	12663.229	1490.409	9040.9
2009-04-01	12641.271	1397.156	8998.5
2009-07-01	12694.517	1407.251	9050.3
2009-10-01	12813.452	1522.042	9060.2
2010-01-01	12937.744	1630.008	9121.2
2010-04-01	13058.482	1728.300	9186.9
2010-07-01	13139.590	1766.783	9247.1
2010-10-01	13216.107	1734.528	9328.4
2011-01-01	13227.871	1750.859	9376.7
2011-04-01	13271.835	1778.430	9392.7
2011-07-01	13331.559	1784.202	9433.5
2011-10-01	13428.961	1875.681	9482.1
2012-01-01	13491.036	1904.640	9545.6
